3645 343 1978
4062 387 1979
4545 477 1980
4892 491 1981
5323 526 1982
5962 564 1983
7208 651 1984
9016 739 1985
10275 899 1986
12058 1002 1987
15042 1181 1988
16992 1373 1989
18667 1510 1990
21781 1700 1991
26923 2026 1992
35333 2577 1993
48197 3496 1994
60793 4283 1995
71176 4838 1996
78973 5160 1997 
84402 5425 1998
89677 5854 1999
99214 6280 2000 
109655 6860 2001
120332 7702 2002 
135822 8472 2003 
159878 9421 2004
184937 10493 2005
216314 11759 2006
265810 13786 2007
314045 15781 2008
340903 17175 2009
410202 19109 2010
472882 21810 2011
519322 24565 2012
568845 26955 2013
643974 28844 2014
689052 31185 2015
744127 33616 2016
820754 36396 2017
900309 39251 2018